cost: 0
schedule:
  agent0:
  - t: 0
    x: 0.0
    y: 0.0
  - t: 0.0495
    x: 4.169507725746253
    y: 2.672014087266492
  - t: 0.08410000000000001
    x: 7.600989892581378
    y: 3.0960003425608673
